v 0.000000 0.000000 -1.000000
v -0.382683 0.276517 -0.923880
v -0.707107 0.000000 -0.707107
v -0.923880 0.153270 -0.382683
v -1.000000 0.000000 0.000000
v -0.923880 0.223115 0.382683
v -0.707107 0.000000 0.707107
v -0.382683 0.287374 0.923880
v 0.000000 0.000000 1.000000
v 0.382683 0.226960 0.923880
v 0.707107 0.000000 0.707107
v 0.923880 0.411154 0.382684
v 1.000000 0.000000 -0.000000
v 0.923879 0.377702 -0.382684
v 0.707107 0.000000 -0.707107
v 0.382683 0.274107 -0.923880
f 2 1
f 3 2
f 4 3
f 5 4
f 6 5
f 7 6
f 8 7
f 9 8
f 10 9
f 11 10
f 12 11
f 13 12
f 14 13
f 15 14
f 16 15
f 1 16
