[ [ 57.1, 90.9 ], [ 57.1, 112.7 ] ],
  [ [ 35.3, 112.7 ], [ 57.1, 112.7 ] ],
  [ [ 35.3, 112.7 ], [ 35.3, 134.5 ] ],
  [ [ 35.3, 134.5 ], [ 35.3, 156.3 ] ],
  [ [ 35.3, 156.3 ], [ 57.1, 156.3 ] ],
  [ [ 57.1, 156.3 ], [ 57.1, 178.1 ] ],
  [ [ 57.1, 178.1 ], [ 78.8, 178.1 ] ],
  [ [ 78.8, 178.1 ], [ 100.6, 178.1 ] ],
  [ [ 100.6, 156.3 ], [ 100.6, 178.1 ] ],
  [ [ 100.6, 156.3 ], [ 122.4, 156.3 ] ],
  [ [ 122.4, 156.3 ], [ 122.4, 134.5 ] ],
  [ [ 122.4, 112.7 ], [ 122.4, 134.5 ] ],
  [ [ 100.6, 112.7 ], [ 122.4, 112.7 ] ],
  [ [ 100.6, 90.9 ], [ 100.6, 112.7 ] ],
  [ [ 78.8, 90.9 ], [ 100.6, 90.9 ] ],
  [ [ 57.1, 90.9 ], [ 78.8, 90.9 ] ]
