[ 173.7, 174.5 ], [ 184.8, 170.5 ], [ 195.6, 162.5 ], [ 204.1, 151.6 ],
[ 210.1, 136.2 ], [ 209.7, 117.6 ], [ 203.2, 103.1 ], [ 193.6, 92.7 ],
[ 175.8, 84.4 ],  [ 158.4, 84.3 ],  [ 142.4, 91.9 ],  [ 132.2, 103.6 ],
[ 127.2, 117.5 ], [ 127.8, 132.9 ], [ 133.7, 144.5 ], [ 144.5, 154.2 ],
[ 155.2, 158.5 ], [ 168.1, 158.6 ], [ 181.5, 152.8 ], [ 191.2, 141.8 ],
[ 152.3, 104.7 ], [ 143.2, 116.3 ], [ 143.1, 127.5 ], [ 148.5, 136.5 ],
[ 194.2, 128.4 ], [ 189.4, 112.2 ], [ 179.5, 103.4 ], [ 166.7, 99.9 ],
[ 156.8, 142.2 ], [ 169.2, 140.9 ], [ 177.5, 131.4 ], [ 176.5, 122.3 ],
[ 169.6, 116.5 ], [ 163.3, 117.3 ], [ 159.2, 122.3 ], [ 159.2, 122.3 ],
[ 159.9, 125.5 , [ 161.5, 126.8 ], [ 164.6, 125.6 ], [ 161.5, 126.8 ],
[ 159.9, 125.5 ], [ 159.2, 122.3 ], [ 163.3, 117.3 ], [ 169.6, 116.5 ],
[ 176.5, 122.3 ], [ 177.5, 131.4 ], [ 169.2, 140.9 ], [ 156.8, 142.2 ],
[ 148.5, 136.5 ], [ 143.1, 127.5 ], [ 143.2, 116.3 ], [ 152.3, 104.7 ],
[ 166.7, 99.9 ],  [ 179.5, 103.4 ], [ 189.4, 112.2 ], [ 194.2, 128.4 ],
[ 191.2, 141.8 ], [ 181.5, 152.8 ], [ 168.1, 158.6 ], [ 155.2, 158.5 ],
[ 144.5, 154.2 ], [ 133.7, 144.5 ], [ 127.8, 132.9 ], [ 127.2, 117.5 ],
[ 132.2, 103.6 ], [ 142.4, 91.9 ],  [ 158.4, 84.3 ],  [ 175.8, 84.4 ],
[ 193.6, 92.7 ],  [ 203.2, 103.1 ], [ 209.7, 117.6 ], [ 210.1, 136.2 ],
[ 204.1, 151.6 ], [ 195.6, 162.5 ], [ 184.8, 170.5 ], [ 173.7, 174.5 ]