v 0.000000 0.000000 -2.981472
v 0.000000 1.000000 -0.015090
v 0.010670 1.000000 -0.010670
v 2.108219 0.000000 -2.108219
v 0.015090 1.000000 0.000000
v 2.981472 0.000000 0.000000
v 0.010670 1.000000 0.010670
v 2.108219 -0.000000 2.108219
v 0.000000 1.000000 0.015090
v 0.000000 -0.000000 2.981472
v -0.010670 1.000000 0.010670
v -2.108219 -0.000000 2.108219
v -0.015090 1.000000 0.000000
v -2.981472 0.000000 0.000000
v -0.010670 1.000000 -0.010670
v -2.108219 0.000000 -2.108219
v 0.000000 -1.000000 -0.587717
v 0.415579 -1.000000 -0.415579
v 0.587717 -1.000000 -0.000000
v 0.415579 -1.000000 0.415579
v 0.000000 -1.000000 0.587717
v -0.415579 -1.000000 0.415579
v -0.587717 -1.000000 -0.000000
v -0.415579 -1.000000 -0.415579
v 0 1 0
s 1
f 1 25 25 4
f 4 25 25 6
f 6 25 25 8
f 8 25 25 10
f 10 25 25 12
f 12 25 25 14
f 14 25 25 16
f 16 25 25 1
f 17 18 19 20 21 22 23 24
f 24 16 1 17
f 23 14 16 24
f 22 12 14 23
f 21 10 12 22
f 20 8 10 21
f 19 6 8 20
f 18 4 6 19
f 17 1 4 18
