# Blender v3.0.1 OBJ File: ''
# www.blender.org
o filled_tank_(1)
v 7.500000 -0.625000 2.812500
v 5.625000 0.625000 1.666667
v -5.625000 0.625000 1.666667
v -7.500000 -0.625000 2.812500
v 5.625000 -2.500000 1.666666
v -5.625000 -2.500000 1.666666
v -7.500000 -0.625000 -2.812500
v -5.625000 -2.500000 -1.666667
v -5.625000 0.625000 -1.666667
v 5.625000 0.625000 -1.666667
v 7.500000 -0.625000 -2.812500
v 5.625000 -2.500000 -1.666667
v 3.750000 2.500000 1.666667
v 3.750000 2.500000 -1.666666
v -5.625000 1.750000 0.416667
v -5.625000 1.750000 -0.416666
v -5.625000 1.431818 -0.416666
v -5.625000 1.431818 0.416667
v 0.000000 1.750000 -0.416666
v -1.590909 1.431818 -0.416666
v -1.590909 1.431818 0.416667
v 0.000000 1.750000 0.416667
s 1
f 7 9 10 11
f 2 10 14 13
f 12 5 6 8
f 3 4 1 2
f 18 21 22 15
f 4 6 5 1
f 11 10 2 1
f 21 18 17 20
f 2 13 3
f 14 10 9
f 11 1 5 12
f 19 16 15 22
f 9 7 4 3
f 11 12 8 7
f 6 4 7 8
f 17 16 19 20
f 17 18 15 16
f 9 3 13 14
