# Blender v3.0.1 OBJ File: ''
# www.blender.org
o Cylinder
v 0.000000 -0.200000 -1.000000
v 0.000000 0.200000 -1.000000
v 0.707107 -0.200000 -0.707107
v 0.707107 0.200000 -0.707107
v 1.000000 -0.200000 0.000000
v 1.000000 0.200000 0.000000
v 0.707107 -0.200000 0.707107
v 0.707107 0.200000 0.707107
v -0.000000 -0.200000 1.000000
v -0.000000 0.200000 1.000000
v -0.707107 -0.200000 0.707107
v -0.707107 0.200000 0.707107
v -1.000000 -0.200000 -0.000000
v -1.000000 0.200000 -0.000000
v -0.707107 -0.200000 -0.707107
v -0.707107 0.200000 -0.707107
v 0.000000 0.180000 -0.500000
v 0.000000 0.380000 -0.500000
v 0.353553 0.180000 -0.353553
v 0.353553 0.380000 -0.353553
v 0.500000 0.180000 0.000000
v 0.500000 0.380000 0.000000
v 0.353553 0.180000 0.353553
v 0.353553 0.380000 0.353553
v -0.000000 0.180000 0.500000
v -0.000000 0.380000 0.500000
v -0.353553 0.180000 0.353553
v -0.353553 0.380000 0.353553
v -0.500000 0.180000 -0.000000
v -0.500000 0.380000 -0.000000
v -0.353553 0.180000 -0.353553
v -0.353553 0.380000 -0.353553
s off
f 17 18 20 19
f 19 20 22 21
f 21 22 24 23
f 23 24 26 25
f 25 26 28 27
f 27 28 30 29
f 20 18 32 30 28 26 24 22
f 29 30 32 31
f 31 32 18 17
f 17 19 21 23 25 27 29 31
f 1 2 4 3
f 3 4 6 5
f 5 6 8 7
f 7 8 10 9
f 9 10 12 11
f 11 12 14 13
f 4 2 16 14 12 10 8 6
f 13 14 16 15
f 15 16 2 1
f 1 3 5 7 9 11 13 15
